[logo.jpg]
filters=finetune2=1,0.000000,0.213333,0.440702,00000000,0.415205;
moddate=2ccc166285d1d601
width=732
height=412
textactive=0
